Algorithm    Mean         Std          Avg Rank     Time(s)     
KDO          7.4129e+04   7.5125e+05   6.4286       9.9714        <-- PROPOSED
L_SHADE      2.1348e+03   2.4319e+03   2.4821       6.9999      
CMA_ES       1.8586e+03   1.0230e+03   2.1786       10.3407     
RUN          2.3471e+04   2.5829e+05   6.7857       9.0327      
GBO          7.1165e+06   6.8849e+07   7.6071       10.9385     
DE           3.8496e+03   6.6912e+03   5.9643       7.4200      
HHO          6.2003e+06   2.9045e+07   12.8214      7.8722      
GWO          5.5837e+07   3.9911e+08   8.8571       6.8628      
WOA          4.2615e+04   2.6633e+05   10.5357      5.6122      
AVOA         3.4378e+08   1.6964e+09   12.8929      9.1779      
COA          3.4663e+03   8.0324e+03   7.1786       6.1290      
KDO_NoNirvana 5.5047e+07   5.3479e+08   8.9286       9.4409      
KDO_NoMemory 2.3523e+04   9.5401e+04   4.7857       8.6076      
KDO_NoDharma 3.8603e+04   1.3900e+05   7.5536       8.7344      
