Algorithm    Mean         Std          Avg Rank     Time(s)     
KDO          5.5515e+04   1.1890e+06   6.0417       6.7349        <-- PROPOSED
L_SHADE      1.6662e+03   9.4799e+02   2.2083       4.1857      
CMA_ES       1.6830e+03   9.6971e+02   2.7500       6.7283      
RUN          2.3557e+03   2.2072e+03   5.8333       5.7082      
GBO          5.5795e+03   5.7721e+04   8.0833       7.0347      
DE           4.6694e+04   1.1126e+06   5.4583       4.4774      
HHO          3.8076e+03   9.1091e+03   12.4167      4.5729      
GWO          2.2237e+04   2.8684e+05   10.0833      3.6261      
WOA          2.5198e+03   2.5963e+03   11.3333      3.1776      
AVOA         1.0905e+06   4.8300e+06   12.6667      5.4812      
COA          1.9101e+03   1.5638e+03   7.5417       3.3865      
KDO_NoNirvana 1.0657e+04   1.0402e+05   8.7500       6.0522      
KDO_NoMemory 2.6110e+03   2.9070e+03   5.6667       5.5667      
KDO_NoDharma 4.6484e+03   7.7948e+03   6.1667       5.6129      
